1.499999999999999944e-02 1.499999999999999944e-02 1.499999999999999944e-02 1.345784080000000000e+11 -1.479408620000000000e+09 3.310299840000000000e+10
2.500000000000000139e-02 1.499999999999999944e-02 1.499999999999999944e-02 -6.212395390000000000e+10 3.696323810000000000e+10 2.537296730000000000e+11
2.500000000000000139e-02 2.500000000000000139e-02 1.499999999999999944e-02 1.826651650000000000e+10 -2.453107790000000000e+10 2.880507400000000000e+10
2.500000000000000139e-02 2.500000000000000139e-02 2.500000000000000139e-02 -1.210016910000000000e+10 -2.558393780000000000e+10 6.099990000000000000e+10
3.500000000000000333e-02 2.500000000000000139e-02 1.499999999999999944e-02 1.209494980000000000e+10 4.346726520000000000e+09 -4.895143080000000000e+10
3.500000000000000333e-02 2.500000000000000139e-02 2.500000000000000139e-02 -8.724652600000000000e+09 4.230411140000000000e+10 -1.098659270000000000e+09
3.500000000000000333e-02 3.500000000000000333e-02 1.499999999999999944e-02 -5.584008280000000000e+09 2.881052470000000000e+09 3.338478730000000000e+10
3.500000000000000333e-02 3.500000000000000333e-02 2.500000000000000139e-02 -5.052566920000000000e+08 1.280191610000000000e+10 -1.026174020000000000e+10
3.500000000000000333e-02 3.500000000000000333e-02 3.500000000000000333e-02 2.087838000000000000e+10 7.191184240000000000e+09 -1.301731820000000000e+10
4.499999999999999833e-02 2.500000000000000139e-02 2.500000000000000139e-02 1.465948590000000000e+10 6.299604660000000000e+09 5.318964580000000000e+10
4.499999999999999833e-02 3.500000000000000333e-02 1.499999999999999944e-02 -3.587234850000000000e+09 5.043990080000000000e+09 -3.975565920000000000e+09
4.499999999999999833e-02 3.500000000000000333e-02 2.500000000000000139e-02 1.112052890000000000e+10 2.807132540000000000e+10 -9.224227120000000000e+09
4.499999999999999833e-02 3.500000000000000333e-02 3.500000000000000333e-02 5.411353630000000000e+09 2.994443900000000000e+09 5.514081179999999702e+07
4.499999999999999833e-02 4.499999999999999833e-02 1.499999999999999944e-02 7.691021060000000000e+09 6.356283380000000000e+09 6.839256990000000000e+09
4.499999999999999833e-02 4.499999999999999833e-02 2.500000000000000139e-02 1.435910570000000000e+10 -1.596148110000000000e+10 -2.314171600000000000e+10
4.499999999999999833e-02 4.499999999999999833e-02 3.500000000000000333e-02 -3.292772400000000000e+09 6.140683320000000000e+09 -7.952062570000000000e+09
4.499999999999999833e-02 4.499999999999999833e-02 4.499999999999999833e-02 -4.928146270000000000e+09 -1.976600040000000000e+09 1.706923210000000108e+04
5.500000000000000028e-02 3.500000000000000333e-02 2.500000000000000139e-02 4.310567220000000000e+09 -1.223231190000000000e+10 1.200965800000000000e+10
5.500000000000000028e-02 3.500000000000000333e-02 3.500000000000000333e-02 3.494125290000000000e+09 1.665805800000000000e+10 1.912224840000000000e+09
5.500000000000000028e-02 4.499999999999999833e-02 1.499999999999999944e-02 -2.875793300000000000e+08 -9.452262790000000000e+09 -1.837881800000000000e+10
5.500000000000000028e-02 4.499999999999999833e-02 2.500000000000000139e-02 2.857812330000000000e+09 -8.478273130000000820e+06 2.226860530000000000e+09
5.500000000000000028e-02 4.499999999999999833e-02 3.500000000000000333e-02 3.572608300000000000e+09 -3.440907500000000000e+08 4.720436520000000000e+09
5.500000000000000028e-02 4.499999999999999833e-02 4.499999999999999833e-02 4.473949060000000000e+09 8.336132870000000000e+09 1.679010580000000000e+09
5.500000000000000028e-02 5.500000000000000028e-02 1.499999999999999944e-02 1.459390760000000000e+09 -3.348520940000000000e+09 1.202906520000000000e+10
5.500000000000000028e-02 5.500000000000000028e-02 2.500000000000000139e-02 3.631710310000000000e+09 1.024645530000000000e+10 -1.260702410000000000e+10
5.500000000000000028e-02 5.500000000000000028e-02 3.500000000000000333e-02 9.748513620000000000e+08 -5.807446220000000000e+09 2.823087430000000000e+09
5.500000000000000028e-02 5.500000000000000028e-02 4.499999999999999833e-02 4.013279560000000000e+09 -3.072299680000000000e+09 2.106504100000000000e+09
5.500000000000000028e-02 5.500000000000000028e-02 5.500000000000000028e-02 -1.415548420000000000e+09 -1.594572040000000000e+09 1.874677000000000000e+09
6.500000000000000222e-02 3.500000000000000333e-02 3.500000000000000333e-02 -4.257174950000000000e+08 1.596895040000000000e+09 -4.737984950000000000e+09
6.500000000000000222e-02 4.499999999999999833e-02 2.500000000000000139e-02 4.476006300000000000e+09 1.402526480000000000e+10 2.153600100000000000e+10
6.500000000000000222e-02 4.499999999999999833e-02 3.500000000000000333e-02 6.405213460000000000e+09 8.852091520000000000e+09 3.172233560000000000e+09
6.500000000000000222e-02 4.499999999999999833e-02 4.499999999999999833e-02 3.464801530000000000e+09 1.083394030000000000e+10 3.521760580000000000e+09
6.500000000000000222e-02 5.500000000000000028e-02 1.499999999999999944e-02 3.494522350000000000e+08 2.625672710000000000e+10 -1.275773290000000000e+10
6.500000000000000222e-02 5.500000000000000028e-02 2.500000000000000139e-02 4.514033930000000000e+09 -3.629462240000000000e+09 -3.745430050000000000e+09
6.500000000000000222e-02 5.500000000000000028e-02 3.500000000000000333e-02 4.854403280000000000e+09 3.547194850000000000e+09 6.949185180000000000e+09
6.500000000000000222e-02 5.500000000000000028e-02 4.499999999999999833e-02 5.009808880000000000e+09 -1.779146900000000000e+09 -1.430766750000000000e+08
6.500000000000000222e-02 5.500000000000000028e-02 5.500000000000000028e-02 2.320045310000000000e+09 1.516186710000000000e+09 -4.387165820000000298e+07
6.500000000000000222e-02 6.500000000000000222e-02 1.499999999999999944e-02 4.281943560000000000e+08 4.662565360000000000e+09 1.564979290000000000e+10
6.500000000000000222e-02 6.500000000000000222e-02 2.500000000000000139e-02 7.543450930000000000e+09 8.673279530000000000e+09 1.808261410000000000e+10
6.500000000000000222e-02 6.500000000000000222e-02 3.500000000000000333e-02 1.972026470000000000e+09 -6.301415780000000000e+09 -4.439002880000000000e+09
6.500000000000000222e-02 6.500000000000000222e-02 4.499999999999999833e-02 1.682220360000000000e+09 -8.188384280000000000e+08 8.043124110000000000e+08
6.500000000000000222e-02 6.500000000000000222e-02 5.500000000000000028e-02 2.464428610000000000e+09 -8.935332830000000000e+08 2.316038070000000000e+08
6.500000000000000222e-02 6.500000000000000222e-02 6.500000000000000222e-02 3.368217820000000000e+09 1.273041320000000000e+09 -1.405147290000000000e+08
7.499999999999999722e-02 4.499999999999999833e-02 3.500000000000000333e-02 2.946348580000000000e+09 6.655201330000000000e+09 1.101534630000000000e+09
7.499999999999999722e-02 4.499999999999999833e-02 4.499999999999999833e-02 2.128506200000000000e+09 -5.700283930000000000e+09 -8.618202250000000000e+09
7.499999999999999722e-02 5.500000000000000028e-02 2.500000000000000139e-02 9.765827420000000000e+08 6.609270070000000000e+09 4.568765080000000000e+08
7.499999999999999722e-02 5.500000000000000028e-02 3.500000000000000333e-02 2.399076950000000000e+09 4.549185300000000000e+09 2.398529850000000000e+09
7.499999999999999722e-02 5.500000000000000028e-02 4.499999999999999833e-02 3.533388250000000000e+09 1.814505480000000000e+09 4.109409530000000000e+09
7.499999999999999722e-02 5.500000000000000028e-02 5.500000000000000028e-02 1.530131830000000000e+09 1.963924180000000000e+09 2.245566070000000000e+09
7.499999999999999722e-02 6.500000000000000222e-02 1.499999999999999944e-02 6.244647430000000000e+09 5.930188720000000000e+09 -7.595771160000000000e+09
7.499999999999999722e-02 6.500000000000000222e-02 2.500000000000000139e-02 5.751393910000000000e+09 3.997787030000000000e+09 -2.877698820000000000e+09
7.499999999999999722e-02 6.500000000000000222e-02 3.500000000000000333e-02 3.570900610000000000e+09 -3.259842300000000000e+09 -4.515243240000000000e+09
7.499999999999999722e-02 6.500000000000000222e-02 4.499999999999999833e-02 3.337174210000000000e+09 3.288113100000000000e+09 -3.506724960000000000e+08
7.499999999999999722e-02 6.500000000000000222e-02 5.500000000000000028e-02 1.973423980000000000e+09 -2.813835040000000000e+09 -1.097784940000000000e+09
7.499999999999999722e-02 6.500000000000000222e-02 6.500000000000000222e-02 2.310291690000000000e+09 2.970476110000000000e+09 5.819184870000000000e+09
7.499999999999999722e-02 7.499999999999999722e-02 1.499999999999999944e-02 4.352450370000000000e+08 4.005671910000000000e+09 -3.449824940000000000e+09
7.499999999999999722e-02 7.499999999999999722e-02 2.500000000000000139e-02 1.874400750000000000e+08 -4.288834950000000000e+09 7.873987260000000000e+09
7.499999999999999722e-02 7.499999999999999722e-02 3.500000000000000333e-02 2.636834150000000000e+09 1.710644790000000000e+09 -5.565136160000000000e+09
7.499999999999999722e-02 7.499999999999999722e-02 4.499999999999999833e-02 -7.034445700000000000e+07 2.468007800000000000e+08 1.810064850000000000e+09
7.499999999999999722e-02 7.499999999999999722e-02 5.500000000000000028e-02 1.915794440000000000e+09 1.249399810000000000e+09 -4.286824670000000000e+08
7.499999999999999722e-02 7.499999999999999722e-02 6.500000000000000222e-02 1.301449830000000000e+09 -5.545305300000000000e+08 1.428008390000000000e+08
7.499999999999999722e-02 7.499999999999999722e-02 7.499999999999999722e-02 1.437241670000000000e+09 -1.776516510000000000e+08 -8.862519160000000000e+08
