1.004288905734131321e+00
9.047279535177670251e-01
1.003243867301005787e+00
1.003294073502161154e+00
8.839126018874126078e-01
1.001034668978648012e+00
1.001899345885056691e+00
1.002228561626897108e+00
1.002587187018034287e+00
8.921070292467145890e-01
8.837816041654168453e-01
1.005548713153948670e+00
1.004859809460681319e+00
1.010638381092413995e+00
1.007774816418559150e+00
1.006645065999008493e+00
1.007684120189617172e+00
9.008960603211194629e-01
1.007268241130483410e+00
8.930552646562811558e-01
1.009437981027130116e+00
1.007436772241907530e+00
1.007607388123494818e+00
1.009303352694696176e+00
1.007990941644103966e+00
1.007189678143019851e+00
1.007938737438730969e+00
1.008006842040234163e+00
9.096269895856780030e-01
9.084439277449015693e-01
1.007294812653458660e+00
1.007253655598916664e+00
8.965310362145865186e-01
1.006149392232599915e+00
1.005803593790314920e+00
1.006582115697855828e+00
1.006947194809473922e+00
1.007137931496820960e+00
1.006549845688713862e+00
1.006170415689387365e+00
1.006927412806686739e+00
1.007209971620614430e+00
1.007379510121267252e+00
9.182053483462262466e-01
1.005338263509982122e+00
9.116206866701707101e-01
1.001935743714312377e+00
1.003531942991420678e+00
1.003774005261616642e+00
8.875554766721313049e-01
1.001967371687520814e+00
1.002907532586481132e+00
1.004233032623315314e+00
1.004717982497403295e+00
1.005357518490118451e+00
1.002934637748420732e+00
1.002893406551374156e+00
1.002928344174534914e+00
1.003918040573596349e+00
1.004355540036221628e+00
1.004812635625444983e+00
1.004378887553490696e+00
