1.007077668981553931e+00
8.238610645507269403e-01
1.008981858865885206e+00
1.005940993011319451e+00
8.263948375588568984e-01
1.002926095778806426e+00
1.003223002800820662e+00
1.003153801155014735e+00
1.004206281545682700e+00
8.531164139900848653e-01
8.331906828530963871e-01
1.001590113649170721e+00
1.003101992011030896e+00
1.009915938121795698e+00
1.007300882548597398e+00
1.007173319818332358e+00
1.009480186961979387e+00
8.683847625102650847e-01
9.997125215798626785e-01
8.481564228397194816e-01
1.005654127144556487e+00
1.005065412532033298e+00
1.007984070034936286e+00
1.008064943442089190e+00
1.005865258650381566e+00
1.005766335568337499e+00
1.007983281657481411e+00
1.007965642346680957e+00
8.881962912089698126e-01
8.848250356599454136e-01
1.005034308922919450e+00
1.007937972629299850e+00
8.572111853562265349e-01
1.005299566147811685e+00
1.004837701485858048e+00
1.007357602704841204e+00
1.007326716808235156e+00
1.008292817536698749e+00
1.005939180708753433e+00
1.005690856334466865e+00
1.007598730616870997e+00
1.
1.
9.056427833188550602e-01
1.009634954120792738e+00
8.929584594166907197e-01
1.004636511368582896e+00
1.007597075588394064e+00
1.007050442151333769e+00
8.555149661381237225e-01
1.005514681559933621e+00
1.004946838421554300e+00
1.007250286294435693e+00
1.007069457499677023e+00
1.007103717919520802e+00
1.008429983399126151e+00
1.006162447303458496e+00
1.005962226724856912e+00
1.007652228228540281e+00
1.007444122822900301e+00
1.007414331988060630e+00
1.007592920563414207e+00
