1.004288905734131321e+00
8.895222307318504384e-01
1.003243867301005787e+00
1.003294073502161154e+00
8.531986306354713001e-01
1.001034668978648012e+00
1.001899345885056691e+00
1.002228561626897108e+00
1.002587187018034287e+00
8.805311729143188160e-01
8.650387073430224616e-01
1.005548713153948670e+00
1.004859809460681319e+00
1.010638381092413995e+00
1.007774816418559150e+00
1.006645065999008493e+00
1.007684120189617172e+00
8.755398361989887857e-01
1.007268241130483410e+00
8.831126514350515766e-01
1.009437981027130116e+00
1.007436772241907530e+00
1.007607388123494818e+00
1.009303352694696176e+00
1.007990941644103966e+00
1.007189678143019851e+00
1.007938737438730969e+00
1.008006842040234163e+00
8.862914929897627303e-01
9.090409764395217529e-01
1.007294812653458660e+00
1.007253655598916664e+00
8.853143141230679358e-01
1.006149392232599915e+00
1.005803593790314920e+00
1.006582115697855828e+00
1.006947194809473922e+00
1.007137931496820960e+00
1.006549845688713862e+00
1.006170415689387365e+00
1.006927412806686739e+00
1.007209971620614430e+00
1.007379510121267252e+00
9.080053948183262058e-01
1.005338263509982122e+00
8.963987012993029913e-01
1.001935743714312377e+00
1.003531942991420678e+00
1.003774005261616642e+00
8.721419262558952612e-01
1.001967371687520814e+00
1.002907532586481132e+00
1.004233032623315314e+00
1.004717982497403295e+00
1.005357518490118451e+00
1.002934637748420732e+00
1.002893406551374156e+00
1.002928344174534914e+00
1.003918040573596349e+00
1.004355540036221628e+00
1.004812635625444983e+00
1.004378887553490696e+00
